1460 574121 -11
1461 574122 -10
1462 574123 -8
1463 574124 -9
1464 574125 -16
1465 574126 -8
1466 574127 -14
1467 574128 -10
1468 574129 -39
1469 574130 -46
1470 574131 -58
1471 574132 -58
1472 574133 -67
1473 574134 -73
1474 574135 -77
1475 574136 -75
1476 574137 -70
1477 574138 -71
1478 574139 -72
1479 574140 -67
1480 575121 -32
1481 575122 -28
1482 575123 -26
1483 575124 -25
1484 575125 -23
1485 575126 -18
1486 575127 -29
1487 575128 -54
1488 575129 -57
1489 575130 -61
1490 575131 -64
1491 575132 -68
1492 575133 -69
1493 575134 -77
1494 575135 -67
1495 575136 -68
1496 575137 -72
1497 575138 -71
1498 575139 -74
1499 575140 -73
1500 576121 -42
1501 576122 -36
1502 576123 -37
1503 576124 -29
1504 576125 -23
1505 576126 -52
1506 576127 -62
1507 576128 -78
1508 576129 -83
1509 576130 -86
1510 576131 -79
1511 576132 -74
1512 576133 -83
1513 576134 -74
1514 576135 -76
1515 576136 -74
1516 576137 -69
1517 576138 -79
1518 576139 -70
1519 576140 -64
1520 577121 -80
1521 577122 -83
1522 577123 -70
1523 577124 -82
1524 577125 -91
1525 577126 -75
1526 577127 -87
1527 577128 -97
1528 577129 -93
1529 577130 -97
1530 577131 -96
1531 577132 -92
1532 577133 -76
1533 577134 -75
1534 577135 -70
1535 577136 -66
1536 577137 -66
1537 577138 -62
1538 577139 -54
1539 577140 -52
1540 578121 -86
1541 578122 -90
1542 578123 -82
1543 578124 -88
1544 578125 -93
1545 578126 -90
1546 578127 -105
1547 578128 -104
1548 578129 -90
1549 578130 -96
1550 578131 -96
1551 578132 -86
1552 578133 -81
1553 578134 -75
1554 578135 -59
1555 578136 -52
1556 578137 -41
1557 578138 -43
1558 578139 -42
1559 578140 -38
1560 579121 -87
1561 579122 -93
1562 579123 -105
1563 579124 -96
1564 579125 -92
1565 579126 -83
1566 579127 -96
1567 579128 -91
1568 579129 -82
1569 579130 -39
1570 579131 -62
1571 579132 -65
1572 579133 -69
1573 579134 -62
1574 579135 -47
1575 579136 -32
1576 579137 -23
1577 579138 -20
1578 579139 -17
1579 579140 -14
1580 580121 -50
1581 580122 -58
1582 580123 -67
1583 580124 -79
1584 580125 -69
1585 580126 -81
1586 580127 -67
1587 580128 -56
1588 580129 -57
1589 580130 -40
1590 580131 -46
1591 580132 -44
1592 580133 -38
1593 580134 -32
1594 580135 -15
1595 580136 -9
1596 580137 -7
1597 580138 -2
1598 580139 -5
1599 580140 1
1600 581121 -55
1601 581122 -48
1602 581123 -60
1603 581124 -52
1604 581125 -43
1605 581126 -47
1606 581127 -43
1607 581128 -25
1608 581129 -27
1609 581130 -30
1610 581131 -12
1611 581132 -17
1612 581133 -13
1613 581134 -2
1614 581135 7
1615 581136 4
1616 581137 6
1617 581138 6
1618 581139 8
1619 581140 6
1620 582121 -40
1621 582122 -31
1622 582123 -45
1623 582124 -39
1624 582125 -25
1625 582126 -20
1626 582127 -23
1627 582128 -16
1628 582129 -11
1629 582130 -13
1630 582131 -14
1631 582132 -4
1632 582133 6
1633 582134 6
1634 582135 1
1635 582136 -4
1636 582137 3
1637 582138 7
1638 582139 6
1639 582140 -1
1640 583121 -23
1641 583122 -12
1642 583123 -15
1643 583124 -8
1644 583125 -11
1645 583126 -9
1646 583127 -4
1647 583128 6
1648 583129 1
1649 583130 2
1650 583131 6
1651 583132 7
1652 583133 6
1653 583134 4
1654 583135 -4
1655 583136 6
1656 583137 8
1657 583138 5
1658 583139 6
1659 583140 8
1660 584121 6
1661 584122 6
1662 584123 7
1663 584124 -6
1664 584125 0
1665 584126 2
1666 584127 6
1667 584128 7
1668 584129 6
1669 584130 6
1670 584131 2
1671 584132 0
1672 584133 4
1673 584134 6
1674 584135 6
1675 584136 7
1676 584137 7
1677 584138 6
1678 584139 1
1679 584140 7
1680 585121 5
1681 585122 6
1682 585123 7
1683 585124 6
1684 585125 5
1685 585126 5
1686 585127 6
1687 585128 6
1688 585129 7
1689 585130 7
1690 585131 6
1691 585132 3
1692 585133 -2
1693 585134 -6
1694 585135 -6
1695 585136 -4
1696 585137 -11
1697 585138 -11
1698 585139 -5
1699 585140 -7
1700 586121 5
1701 586122 5
1702 586123 5
1703 586124 5
1704 586125 5
1705 586126 3
1706 586127 5
1707 586128 -3
1708 586129 -6
1709 586130 -8
1710 586131 -9
1711 586132 -22
1712 586133 -20
1713 586134 -27
1714 586135 -23
1715 586136 -19
1716 586137 -19
1717 586138 -10
1718 586139 -24
1719 586140 -15
1720 587121 -6
1721 587122 -18
1722 587123 -32
1723 587124 -36
1724 587125 -39
1725 587126 -40
1726 587127 -43
1727 587128 -48
1728 587129 -43
1729 587130 -46
1730 587131 -49
1731 587132 -49
1732 587133 -53
1733 587134 -47
1734 587135 -47
1735 587136 -48
1736 587137 -45
1737 587138 -39
1738 587139 -40
1739 587140 -40
1740 588121 -54
1741 588122 -58
1742 588123 -60
1743 588124 -61
1744 588125 -63
1745 588126 -61
1746 588127 -62
1747 588128 -61
1748 588129 -58
1749 588130 -61
1750 588131 -66
1751 588132 -61
1752 588133 -53
1753 588134 -60
1754 588135 -59
1755 588136 -52
1756 588137 -54
1757 588138 -55
1758 588139 -53
1759 588140 -55
1760 589121 -62
1761 589122 -53
1762 589123 -58
1763 589124 -61
1764 589125 -61
1765 589126 -63
1766 589127 -57
1767 589128 -65
1768 589129 -48
1769 589130 -49
1770 589131 -53
1771 589132 -48
1772 589133 -55
1773 589134 -47
1774 589135 -46
1775 589136 -41
1776 589137 -44
1777 589138 -51
1778 589139 -39
1779 589140 -40
1780 590121 -46
1781 590122 -45
1782 590123 -46
1783 590124 -41
1784 590125 -41
1785 590126 -44
1786 590127 -38
1787 590128 -30
1788 590129 -40
1789 590130 -33
1790 590131 -38
1791 590132 -35
1792 590133 -34
1793 590134 -35
1794 590135 -36
1795 590136 -31
1796 590137 -28
1797 590138 -25
1798 590139 -23
1799 590140 -23
1800 591121 -34
1801 591122 -29
1802 591123 -18
1803 591124 -26
1804 591125 -23
1805 591126 -31
1806 591127 -33
1807 591128 -34
1808 591129 -31
1809 591130 -34
1810 591131 -41
1811 591132 -32
1812 591133 -35
1813 591134 -47
1814 591135 -49
1815 591136 -44
1816 591137 -43
1817 591138 -40
1818 591139 -36
1819 591140 -51
1820 592121 -6
1821 592122 -10
1822 592123 -9
1823 592124 -7
1824 592125 -3
1825 592126 -10
1826 592127 -16
1827 592128 -9
1828 592129 -19
1829 592130 -28
1830 592131 -27
1831 592132 -28
1832 592133 -27
1833 592134 -33
1834 592135 -41
1835 592136 -49
1836 592137 -23
1837 592138 -45
1838 592139 -53
1839 592140 -42
1840 593121 6
1841 593122 6
1842 593123 7
1843 593124 7
1844 593125 8
1845 593126 7
1846 593127 7
1847 593128 3
1848 593129 -24
1849 593130 -22
1850 593131 -41
1851 593132 -60
1852 593133 -46
1853 593134 -65
1854 593135 -66
1855 593136 -61
1856 593137 -57
1857 593138 -69
1858 593139 -52
1859 593140 -58
1860 594121 8
1861 594122 8
1862 594123 7
1863 594124 8
1864 594125 5
1865 594126 -3
1866 594127 -30
1867 594128 -36
1868 594129 -42
1869 594130 -47
1870 594131 -49
1871 594132 -68
1872 594133 -67
1873 594134 -76
1874 594135 -75
1875 594136 -67
1876 594137 -68
1877 594138 -57
1878 594139 -60
1879 594140 -55
1880 595121 8
1881 595122 6
1882 595123 -4
1883 595124 -25
1884 595125 -39
1885 595126 -43
1886 595127 -52
1887 595128 -56
1888 595129 -60
1889 595130 -64
1890 595131 -71
1891 595132 -59
1892 595133 -68
1893 595134 -69
1894 595135 -62
1895 595136 -60
1896 595137 -62
1897 595138 -54
1898 595139 -45
1899 595140 -44
1900 596121 -16
1901 596122 -32
1902 596123 -49
1903 596124 -39
1904 596125 -63
1905 596126 -74
1906 596127 -61
1907 596128 -67
1908 596129 -63
1909 596130 -62
1910 596131 -66
1911 596132 -70
1912 596133 -64
1913 596134 -63
1914 596135 -60
1915 596136 -53
1916 596137 -44
1917 596138 -38
1918 596139 -25
1919 596140 -21
1920 597121 -29
1921 597122 -39
1922 597123 -43
1923 597124 -57
1924 597125 -53
1925 597126 -63
1926 597127 -57
1927 597128 -54
1928 597129 -52
1929 597130 -53
1930 597131 -51
1931 597132 -61
1932 597133 -55
1933 597134 -47
1934 597135 -44
1935 597136 -31
1936 597137 -22
1937 597138 -16
1938 597139 -8
1939 597140 -7
1940 598121 -24
1941 598122 -34
1942 598123 -42
1943 598124 -47
1944 598125 -51
1945 598126 -43
1946 598127 -56
1947 598128 -54
1948 598129 -43
1949 598130 -46
1950 598131 -50
1951 598132 -49
1952 598133 -39
1953 598134 -43
1954 598135 -34
1955 598136 -31
1956 598137 -11
1957 598138 -15
1958 598139 -9
1959 598140 -5
1960 599121 -34
1961 599122 -34
1962 599123 -24
1963 599124 -37
1964 599125 -33
1965 599126 -49
1966 599127 -43
1967 599128 -50
1968 599129 -43
1969 599130 -41
1970 599131 -44
1971 599132 -37
1972 599133 -38
1973 599134 -36
1974 599135 -20
1975 599136 -22
1976 599137 -16
1977 599138 -9
1978 599139 -12
1979 599140 -3
1980 600121 -25
1981 600122 -35
1982 600123 -21
1983 600124 -44
1984 600125 -34
1985 600126 -44
1986 600127 -35
1987 600128 -45
1988 600129 -46
1989 600130 -38
1990 600131 -32
1991 600132 -22
1992 600133 -16
1993 600134 -15
1994 600135 -25
1995 600136 -26
1996 600137 -22
1997 600138 -20
1998 600139 -23
1999 600140 -19
2000 601121 -38
2001 601122 -38
2002 601123 -38
2003 601124 -37
2004 601125 -26
2005 601126 -33
2006 601127 -41
2007 601128 -35
2008 601129 -32
2009 601130 -37
2010 601131 -37
2011 601132 -33
2012 601133 -27
2013 601134 -34
2014 601135 -28
2015 601136 -26
2016 601137 -24
2017 601138 -35
2018 601139 -35
2019 601140 -30
2020 602121 -28
2021 602122 -36
2022 602123 -21
2023 602124 -22
2024 602125 -27
2025 602126 -36
2026 602127 -39
2027 602128 -36
2028 602129 -36
2029 602130 -35
2030 602131 -32
2031 602132 -35
2032 602133 -34
2033 602134 -26
2034 602135 -32
2035 602136 -29
2036 602137 -26
2037 602138 -29
2038 602139 -31
2039 602140 -35
2040 603121 -21
2041 603122 -16
2042 603123 -16
2043 603124 -15
2044 603125 -15
2045 603126 -14
2046 603127 -11
2047 603128 -18
2048 603129 -20
2049 603130 -22
2050 603131 -24
2051 603132 -29
2052 603133 -28
2053 603134 -35
2054 603135 -34
2055 603136 -38
2056 603137 -29
2057 603138 -39
2058 603139 -41
2059 603140 -37
2060 604121 -21
2061 604122 -12
2062 604123 -15
2063 604124 -16
2064 604125 -5
2065 604126 -5
2066 604127 -7
2067 604128 -3
2068 604129 -4
2069 604130 -8
2070 604131 -17
2071 604132 -29
2072 604133 -29
2073 604134 -28
2074 604135 -38
2075 604136 -38
2076 604137 -52
2077 604138 -36
2078 604139 -45
2079 604140 -41
2080 605121 -28
2081 605122 -14
2082 605123 -8
2083 605124 0
2084 605125 -18
2085 605126 -14
2086 605127 -17
2087 605128 -27
2088 605129 -19
2089 605130 -35
2090 605131 -33
2091 605132 -38
2092 605133 -40
2093 605134 -56
2094 605135 -57
2095 605136 -62
2096 605137 -51
2097 605138 -57
2098 605139 -55
2099 605140 -70
2100 606121 -54
2101 606122 -55
2102 606123 -57
2103 606124 -61
2104 606125 -57
2105 606126 -61
2106 606127 -60
2107 606128 -66
2108 606129 -64
2109 606130 -60
2110 606131 -65
2111 606132 -63
2112 606133 -67
2113 606134 -74
2114 606135 -76
2115 606136 -79
2116 606137 -80
2117 606138 -79
2118 606139 -76
2119 606140 -84
2120 607121 -80
2121 607122 -85
2122 607123 -81
2123 607124 -80
2124 607125 -84
2125 607126 -85
2126 607127 -89
2127 607128 -84
2128 607129 -86
2129 607130 -89
2130 607131 -85
2131 607132 -83
2132 607133 -90
2133 607134 -89
2134 607135 -85
2135 607136 -87
2136 607137 -90
2137 607138 -87
2138 607139 -89
2139 607140 -91
2140 608121 -82
2141 608122 -86
2142 608123 -91
2143 608124 -90
2144 608125 -80
2145 608126 -96
2146 608127 -82
2147 608128 -88
2148 608129 -90
2149 608130 -85
2150 608131 -85
2151 608132 -86
2152 608133 -73
2153 608134 -83
2154 608135 -92
2155 608136 -94
2156 608137 -78
2157 608138 -93
2158 608139 -90
2159 608140 -95
2160 609121 -81
2161 609122 -83
2162 609123 -83
2163 609124 -80
2164 609125 -83
2165 609126 -79
2166 609127 -73
2167 609128 -86
2168 609129 -70
2169 609130 -58
2170 609131 -65
2171 609132 -70
2172 609133 -64
2173 609134 -55
2174 609135 -62
2175 609136 -71
2176 609137 -59
2177 609138 -75
2178 609139 -56
2179 609140 -65
2180 610121 -82
2181 610122 -77
2182 610123 -82
2183 610124 -75
2184 610125 -80
2185 610126 -57
2186 610127 -51
2187 610128 -54
2188 610129 -53
2189 610130 -43
2190 610131 -53
2191 610132 -44
2192 610133 -45
2193 610134 -48
2194 610135 -55
2195 610136 -57
2196 610137 -35
2197 610138 -37
2198 610139 -29
2199 610140 -44
2200 611121 -74
2201 611122 -66
2202 611123 -73
2203 611124 -63
2204 611125 -59
2205 611126 -56
2206 611127 -54
2207 611128 -44
2208 611129 -45
2209 611130 -40
2210 611131 -29
2211 611132 -26
2212 611133 -23
2213 611134 -21
2214 611135 -21
2215 611136 -20
2216 611137 -21
2217 611138 -17
2218 611139 -11
2219 611140 -5
2220 612121 -52
2221 612122 -43
2222 612123 -44
2223 612124 -42
2224 612125 -36
2225 612126 -28
2226 612127 -31
2227 612128 -18
2228 612129 -6
2229 612130 1
2230 612131 -11
2231 612132 3
2232 612133 -3
2233 612134 -1
2234 612135 4
2235 612136 4
2236 612137 5
2237 612138 5
2238 612139 5
2239 612140 6
2240 613121 -17
2241 613122 -26
2242 613123 -6
2243 613124 0
2244 613125 -14
2245 613126 -2
2246 613127 -4
2247 613128 0
2248 613129 5
2249 613130 5
2250 613131 7
2251 613132 6
2252 613133 6
2253 613134 7
2254 613135 6
2255 613136 7
2256 613137 7
2257 613138 7
2258 613139 6
2259 613140 6
2260 614121 -2
2261 614122 4
2262 614123 -1
2263 614124 4
2264 614125 4
2265 614126 4
2266 614127 4
2267 614128 4
2268 614129 5
2269 614130 5
2270 614131 4
2271 614132 5
2272 614133 5
2273 614134 5
2274 614135 6
2275 614136 6
2276 614137 7
2277 614138 7
2278 614139 7
2279 614140 6
2280 615121 4
2281 615122 4
2282 615123 3
2283 615124 4
2284 615125 4
2285 615126 4
2286 615127 5
2287 615128 4
2288 615129 4
2289 615130 4
2290 615131 4
2291 615132 4
2292 615133 4
2293 615134 4
2294 615135 5
2295 615136 5
2296 615137 5
2297 615138 6
2298 615139 6
2299 615140 6
2300 616121 4
2301 616122 4
2302 616123 3
2303 616124 3
2304 616125 3
2305 616126 4
2306 616127 4
2307 616128 4
2308 616129 4
2309 616130 4
2310 616131 5
2311 616132 5
2312 616133 5
2313 616134 5
2314 616135 6
2315 616136 6
2316 616137 6
2317 616138 6
2318 616139 6
2319 616140 7
2320 617121 0
2321 617122 3
2322 617123 -5
2323 617124 3
2324 617125 1
2325 617126 3
2326 617127 4
2327 617128 4
2328 617129 4
2329 617130 4
2330 617131 4
2331 617132 5
2332 617133 3
2333 617134 4
2334 617135 4
2335 617136 5
2336 617137 4
2337 617138 5
2338 617139 2
2339 617140 6
2340 618121 -26
2341 618122 -25
2342 618123 -27
2343 618124 -30
2344 618125 -26
2345 618126 -24
2346 618127 -27
2347 618128 -25
2348 618129 -20
2349 618130 -17
2350 618131 -25
2351 618132 -20
2352 618133 -20
2353 618134 -14
2354 618135 -12
2355 618136 -29
2356 618137 -34
2357 618138 -36
2358 618139 -45
2359 618140 -54
2360 619121 -73
2361 619122 -71
2362 619123 -70
2363 619124 -65
2364 619125 -49
2365 619126 -51
2366 619127 -53
2367 619128 -45
2368 619129 -45
2369 619130 -51
2370 619131 -47
2371 619132 -45
2372 619133 -49
2373 619134 -44
2374 619135 -36
2375 619136 -39
2376 619137 -36
2377 619138 -41
2378 619139 -55
2379 619140 -46
2380 620121 -84
2381 620122 -85
2382 620123 -80
2383 620124 -78
2384 620125 -74
2385 620126 -75
2386 620127 -65
2387 620128 -57
2388 620129 -67
2389 620130 -65
2390 620131 -56
2391 620132 -53
2392 620133 -50
2393 620134 -56
2394 620135 -52
2395 620136 -51
2396 620137 -45
2397 620138 -50
2398 620139 -51
2399 620140 -61
2400 621121 -70
2401 621122 -63
2402 621123 -79
2403 621124 -66
2404 621125 -62
2405 621126 -60
2406 621127 -51
2407 621128 -50
2408 621129 -49
2409 621130 -51
2410 621131 -41
2411 621132 -41
2412 621133 -46
2413 621134 -44
2414 621135 -59
2415 621136 -43
2416 621137 -41
2417 621138 -30
2418 621139 -40
2419 621140 -44
2420 622121 -42
2421 622122 -62
2422 622123 -55
2423 622124 -52
2424 622125 -51
2425 622126 -47
2426 622127 -44
2427 622128 -46
2428 622129 -39
2429 622130 -34
2430 622131 -37
2431 622132 -32
2432 622133 -32
2433 622134 -36
2434 622135 -28
2435 622136 -22
2436 622137 -18
2437 622138 -17
2438 622139 -12
2439 622140 -20
2440 623121 -53
2441 623122 -45
2442 623123 -41
2443 623124 -46
2444 623125 -40
2445 623126 -36
2446 623127 -26
2447 623128 -27
2448 623129 -9
2449 623130 -14
2450 623131 -6
2451 623132 -19
2452 623133 -14
2453 623134 -11
2454 623135 -12
2455 623136 -6
2456 623137 -7
2457 623138 -1
2458 623139 4
2459 623140 5
2460 624121 -39
2461 624122 -14
2462 624123 -27
2463 624124 -12
2464 624125 -11
2465 624126 2
2466 624127 0
2467 624128 2
2468 624129 1
2469 624130 3
2470 624131 3
2471 624132 5
2472 624133 6
2473 624134 6
2474 624135 4
2475 624136 6
2476 624137 6
2477 624138 7
2478 624139 6
2479 624140 7
2480 625121 -7
2481 625122 -2
2482 625123 3
2483 625124 2
2484 625125 4
2485 625126 4
2486 625127 3
2487 625128 3
2488 625129 2
2489 625130 4
2490 625131 5
2491 625132 4
2492 625133 5
2493 625134 6
2494 625135 6
2495 625136 6
2496 625137 6
2497 625138 6
2498 625139 6
2499 625140 5
2500 626121 -4
2501 626122 2
2502 626123 3
2503 626124 -1
2504 626125 3
2505 626126 3
2506 626127 3
2507 626128 -2
2508 626129 3
2509 626130 3
2510 626131 4
2511 626132 5
2512 626133 5
2513 626134 5
2514 626135 6
2515 626136 3
2516 626137 -2
2517 626138 -7
2518 626139 -30
2519 626140 -32
2520 627121 -17
2521 627122 -12
2522 627123 -17
2523 627124 -21
2524 627125 -21
2525 627126 -20
2526 627127 -16
2527 627128 -13
2528 627129 -11
2529 627130 -5
2530 627131 -8
2531 627132 4
2532 627133 -34
2533 627134 -53
2534 627135 -56
2535 627136 -58
2536 627137 -58
2537 627138 -58
2538 627139 -58
2539 627140 -53
2540 628121 -58
2541 628122 -64
2542 628123 -57
2543 628124 -45
2544 628125 -58
2545 628126 -61
2546 628127 -49
2547 628128 -57
2548 628129 -54
2549 628130 -60
2550 628131 -58
2551 628132 -70
2552 628133 -70
2553 628134 -78
2554 628135 -75
2555 628136 -79
2556 628137 -79
2557 628138 -83
2558 628139 -82
2559 628140 -75
2560 629121 -71
2561 629122 -68
2562 629123 -67
2563 629124 -70
2564 629125 -71
2565 629126 -67
2566 629127 -70
2567 629128 -74
2568 629129 -76
2569 629130 -66
2570 629131 -75
2571 629132 -78
2572 629133 -81
2573 629134 -88
2574 629135 -91
2575 629136 -81
2576 629137 -83
2577 629138 -86
2578 629139 -88
2579 629140 -84
2580 630121 -65
2581 630122 -61
2582 630123 -57
2583 630124 -61
2584 630125 -54
2585 630126 -58
2586 630127 -53
2587 630128 -72
2588 630129 -66
2589 630130 -61
2590 630131 -78
2591 630132 -59
2592 630133 -68
2593 630134 -55
2594 630135 -74
2595 630136 -64
2596 630137 -63
2597 630138 -70
2598 630139 -59
2599 630140 -74
2600 631121 -61
2601 631122 -42
2602 631123 -34
2603 631124 -27
2604 631125 -45
2605 631126 -51
2606 631127 -46
2607 631128 -56
2608 631129 -50
2609 631130 -46
2610 631131 -44
2611 631132 -56
2612 631133 -44
2613 631134 -38
2614 631135 -42
2615 631136 -44
2616 631137 -41
2617 631138 -40
2618 631139 -47
2619 631140 -30
2620 632121 -51
2621 632122 -37
2622 632123 -30
2623 632124 -38
2624 632125 -43
2625 632126 -38
2626 632127 -35
2627 632128 -34
2628 632129 -28
2629 632130 -28
2630 632131 -21
2631 632132 -22
2632 632133 -18
2633 632134 -15
2634 632135 -35
2635 632136 -37
2636 632137 -34
2637 632138 -19
2638 632139 -18
2639 632140 -26
2640 633121 -26
2641 633122 -20
2642 633123 -22
2643 633124 -24
2644 633125 -24
2645 633126 -20
2646 633127 -20
2647 633128 -16
2648 633129 -12
2649 633130 -12
2650 633131 -10
2651 633132 -11
2652 633133 -8
2653 633134 -10
2654 633135 -7
2655 633136 -10
2656 633137 -4
2657 633138 -6
2658 633139 0
2659 633140 4
2660 634121 3
2661 634122 4
2662 634123 3
2663 634124 3
2664 634125 3
2665 634126 2
2666 634127 2
2667 634128 3
2668 634129 3
2669 634130 3
2670 634131 3
2671 634132 3
2672 634133 3
2673 634134 3
2674 634135 3
2675 634136 3
2676 634137 3
2677 634138 4
2678 634139 4
2679 634140 4
2680 635121 3
2681 635122 4
2682 635123 4
2683 635124 4
2684 635125 5
2685 635126 5
2686 635127 4
2687 635128 4
2688 635129 4
2689 635130 4
2690 635131 4
2691 635132 4
2692 635133 4
2693 635134 4
2694 635135 3
2695 635136 4
2696 635137 5
2697 635138 6
2698 635139 5
2699 635140 5
2700 636121 5
2701 636122 5
2702 636123 5
2703 636124 5
2704 636125 5
2705 636126 5
2706 636127 5
2707 636128 4
2708 636129 3
2709 636130 3
2710 636131 3
2711 636132 -3
2712 636133 3
2713 636134 1
2714 636135 1
2715 636136 3
2716 636137 4
2717 636138 5
2718 636139 -4
2719 636140 -10
2720 637121 4
2721 637122 4
2722 637123 4
2723 637124 4
2724 637125 4
2725 637126 4
2726 637127 3
2727 637128 -10
2728 637129 -9
2729 637130 1
2730 637131 -4
2731 637132 3
2732 637133 -2
2733 637134 -10
2734 637135 -15
2735 637136 -10
2736 637137 -25
2737 637138 -40
2738 637139 -40
2739 637140 -44
2740 638121 5
2741 638122 3
2742 638123 4
2743 638124 4
2744 638125 -16
2745 638126 -19
2746 638127 -27
2747 638128 -31
2748 638129 -34
2749 638130 -32
2750 638131 -32
2751 638132 -43
2752 638133 -51
2753 638134 -55
2754 638135 -58
2755 638136 -57
2756 638137 -61
2757 638138 -66
2758 638139 -72
2759 638140 -70
2760 639121 -3
2761 639122 -14
2762 639123 -29
2763 639124 -30
2764 639125 -38
2765 639126 -47
2766 639127 -48
2767 639128 -47
2768 639129 -49
2769 639130 -57
2770 639131 -70
2771 639132 -73
2772 639133 -77
2773 639134 -84
2774 639135 -87
2775 639136 -87
2776 639137 -80
2777 639138 -76
2778 639139 -67
2779 639140 -65
2780 640121 -1
2781 640122 -23
2782 640123 -28
2783 640124 -42
2784 640125 -45
2785 640126 -52
2786 640127 -58
2787 640128 -63
2788 640129 -67
2789 640130 -67
2790 640131 -66
2791 640132 -68
2792 640133 -71
2793 640134 -87
2794 640135 -72
2795 640136 -71
2796 640137 -70
2797 640138 -54
2798 640139 -50
2799 640140 -43
2800 641121 -19
2801 641122 -30
2802 641123 -36
2803 641124 -46
2804 641125 -46
2805 641126 -53
2806 641127 -52
2807 641128 -66
2808 641129 -75
2809 641130 -60
2810 641131 -67
2811 641132 -69
2812 641133 -75
2813 641134 -74
2814 641135 -61
2815 641136 -63
2816 641137 -48
2817 641138 -39
2818 641139 -24
2819 641140 -33
2820 642121 -45
2821 642122 -42
2822 642123 -49
2823 642124 -52
2824 642125 -54
2825 642126 -63
2826 642127 -68
2827 642128 -78
2828 642129 -70
2829 642130 -72
2830 642131 -73
2831 642132 -68
2832 642133 -59
2833 642134 -54
2834 642135 -52
2835 642136 -36
2836 642137 -38
2837 642138 -32
2838 642139 -23
2839 642140 -13
2840 643121 -49
2841 643122 -43
2842 643123 -49
2843 643124 -57
2844 643125 -62
2845 643126 -71
2846 643127 -67
2847 643128 -73
2848 643129 -78
2849 643130 -75
2850 643131 -70
2851 643132 -52
2852 643133 -38
2853 643134 -41
2854 643135 -19
2855 643136 -32
2856 643137 -21
2857 643138 -11
2858 643139 -10
2859 643140 -5
2860 644121 -47
2861 644122 -38
2862 644123 -60
2863 644124 -43
2864 644125 -48
2865 644126 -55
2866 644127 -59
2867 644128 -74
2868 644129 -69
2869 644130 -67
2870 644131 -58
2871 644132 -41
2872 644133 -32
2873 644134 -21
2874 644135 -10
2875 644136 -22
2876 644137 -24
2877 644138 -16
2878 644139 -21
2879 644140 -19
2880 645121 -33
2881 645122 -42
2882 645123 -51
2883 645124 -56
2884 645125 -54
2885 645126 -53
2886 645127 -58
2887 645128 -64
2888 645129 -63
2889 645130 -53
2890 645131 -50
2891 645132 -38
2892 645133 -35
2893 645134 -28
2894 645135 -18
2895 645136 -15
2896 645137 -14
2897 645138 -12
2898 645139 -11
2899 645140 -11
2900 646121 -40
2901 646122 -49
2902 646123 -57
2903 646124 -57
2904 646125 -48
2905 646126 -58
2906 646127 -59
2907 646128 -55
2908 646129 -58
2909 646130 -51
2910 646131 -54
2911 646132 -41
2912 646133 -38
2913 646134 -36
2914 646135 -29
2915 646136 -23
2916 646137 -19
2917 646138 -20
2918 646139 -12
2919 646140 -19
2920 647121 -77
2921 647122 -78
2922 647123 -75
2923 647124 -83
2924 647125 -85
2925 647126 -82
2926 647127 -71
2927 647128 -76
2928 647129 -72
2929 647130 -62
2930 647131 -61
2931 647132 -53
2932 647133 -44
2933 647134 -41
2934 647135 -48
2935 647136 -48
2936 647137 -38
2937 647138 -57
2938 647139 -61
2939 647140 -64
2940 648121 -91
2941 648122 -87
2942 648123 -88
2943 648124 -100
2944 648125 -87
2945 648126 -89
2946 648127 -97
2947 648128 -92
2948 648129 -92
2949 648130 -86
2950 648131 -88
2951 648132 -81
2952 648133 -74
2953 648134 -76
2954 648135 -68
2955 648136 -71
2956 648137 -70
2957 648138 -72
2958 648139 -73
2959 648140 -68
2960 649121 -77
2961 649122 -92
2962 649123 -75
2963 649124 -80
2964 649125 -91
2965 649126 -86
2966 649127 -75
2967 649128 -85
2968 649129 -77
2969 649130 -78
2970 649131 -81
2971 649132 -63
2972 649133 -64
2973 649134 -66
2974 649135 -56
2975 649136 -71
2976 649137 -63
2977 649138 -67
2978 649139 -64
2979 649140 -70
2980 650121 -61
2981 650122 -40
2982 650123 -80
2983 650124 -64
2984 650125 -63
2985 650126 -65
2986 650127 -56
2987 650128 -58
2988 650129 -63
2989 650130 -41
2990 650131 -61
2991 650132 -52
2992 650133 -59
2993 650134 -63
2994 650135 -44
2995 650136 -46
2996 650137 -40
2997 650138 -47
2998 650139 -51
2999 650140 -47
3000 650140 -47
